
   1  C       6.00    0.000000000    1.342650315    0.000000000
   2  C       6.00    0.000000000   -1.342650315    0.000000000
   3  C       6.00    2.325538562    2.685300630    0.000000000
   4  C       6.00    2.325538562   -2.685300630    0.000000000
   5  C       6.00    4.651077125    1.342650315    0.000000000
   6  C       6.00    4.651077125   -1.342650315    0.000000000
   7  C       6.00   -2.325538562    2.685300630    0.000000000
   8  C       6.00   -2.325538562   -2.685300630    0.000000000
   9  C       6.00   -4.651077125    1.342650315    0.000000000
  10  C       6.00   -4.651077125   -1.342650315    0.000000000

